请输入顶点的个数
7
请输入边的数量
10
请输入顶点数组中的顶点
A  B C D E F G
请输入边所依附的顶点的编号
0 1
0 2
1 3
1 2
1 4
2 4
2 5
3 4
3 6
4 5
打印邻接矩阵
0       1       1       0       0       0       0
1       0       1       1       1       0       0
1       1       0       0       1       1       0
0       1       0       0       1       0       1
0       1       1       1       0       1       0
0       0       1       0       1       0       0
0       0       0       1       0       0       0
深度优先遍历
A
B
C
E
D
G
F
广度优先遍历
A
B
C
D
E
F
G