请输入行数与列数(迷宫数组的行号与列号均从1开始):
5 4
输入迷宫数组(编号为0的行与列没有使用)
1 1 2 1
1 1 1 1
1 1 2 1
1 2 1 1
1 1 1 2
请输入迷宫的起点与终点的坐标:
1 1 4 3
第1次试探的路径:
1       1       0       0
0       1       1       1
0       0       0       1
0       0       1       1
0       0       0       0
第2次试探的路径:
1       1       0       0
0       1       0       0
1       1       0       0
1       0       1       0
1       1       1       0
第3次试探的路径:
1       1       0       0
1       1       0       0
1       0       0       0
1       0       1       0
1       1       1       0
第4次试探的路径:
1       0       0       0
1       1       1       1
0       0       0       1
0       0       1       1
0       0       0       0
第5次试探的路径:
1       0       0       0
1       1       0       0
1       1       0       0
1       0       1       0
1       1       1       0
第6次试探的路径:
1       0       0       0
1       1       1       1
1       1       0       1
0       0       1       1
0       0       0       0
第7次试探的路径:
1       0       0       0
1       0       0       0
1       0       0       0
1       0       1       0
1       1       1       0
最短路径的长度为:
7
dfs遍历试探次数为:
7
最短路径为(其中的一条):
1       1       0       0
0       1       1       1
0       0       0       1
0       0       1       1
0       0       0       0